layout_spectrum: 0.8748657
typography_spectrum: 0.4398496
color:
  saturation: 0.5
  brandStrength: 0.1818203
  lightness: 0.4817401
  rhythmicContrast: 0.4967777
name: bunncoffeeandtea
